python3 /Users/figge/code/pb/scripts/2_backtest_summary.py20 ../configs/live/recursive_grid_mode_auto_unstuck_enabled.example.json ../configs/backtest/default.hjson
Reading  110  backtests
81  coins after filtering
+----+-------------+----------+----------------------+----------------------+-------------+-----------+----------------+--------------------+---------------+
|    | symbol      |   n_days |   hrs_stuck_avg_long |   hrs_stuck_max_long |       adg % |    gain % |   total gain $ |   starting balance |   closest bkr |
|----+-------------+----------+----------------------+----------------------+-------------+-----------+----------------+--------------------+---------------|
|  6 | DARUSDT     |  5.85347 |              1.21106 |              24      |  0.177863   | 0.881451  |       878.36   |             100000 |             1 |
| 15 | PEOPLEUSDT  | 60.9993  |              1.99181 |             150.783  |  0.0708087  | 4.28262   |      4267.04   |             100000 |             1 |
| 32 | IMXUSDT     | 60.9993  |              1.38112 |             150.833  |  0.0656685  | 3.99973   |      3985.66   |             100000 |             1 |
| 63 | WOOUSDT     | 26.8535  |              2.18469 |              65.75   |  0.0609213  | 1.58392   |      1578.21   |             100000 |             1 |
| 16 | RUNEUSDT    | 60.9993  |              1.77668 |              91.7    |  0.0600359  | 3.61471   |      3601.27   |             100000 |             1 |
| 30 | AUDIOUSDT   | 60.9993  |              1.32727 |              64.4667 |  0.059381   | 3.57244   |      3560.12   |             100000 |             1 |
| 22 | FILUSDT     | 60.9993  |              3.65996 |             121.5    |  0.0549909  | 3.31667   |      3305.65   |             100000 |             1 |
| 27 | GMTUSDT     | 50.8326  |              1.69442 |              73.2667 |  0.0498734  | 2.58318   |      2573.39   |             100000 |             1 |
| 78 | RENUSDT     | 60.9993  |              1.52817 |             152.283  |  0.0483279  | 2.89344   |      2882.63   |             100000 |             1 |
| 31 | GTCUSDT     | 60.9993  |              2.12479 |             206.9    |  0.0467097  | 2.80725   |      2797.23   |             100000 |             1 |
| 51 | THETAUSDT   | 60.9993  |              2.0914  |             152.3    |  0.0456784  | 2.7291    |      2718.78   |             100000 |             1 |
| 79 | ROSEUSDT    | 60.9993  |              2.11558 |              95.3167 |  0.0450992  | 2.64162   |      2631.36   |             100000 |             1 |
| 44 | ALPHAUSDT   | 60.9993  |              2.76745 |             162.417  |  0.0445711  | 2.42814   |      2417.25   |             100000 |             1 |
| 29 | SKLUSDT     | 60.9993  |              1.7387  |             139.6    |  0.0444175  | 2.25375   |      2243.98   |             100000 |             1 |
| 20 | MASKUSDT    | 60.9993  |              2.25228 |             366.017  |  0.0440204  | 2.54532   |      2536.18   |             100000 |             1 |
| 14 | GRTUSDT     | 60.9993  |              1.70627 |             200.217  |  0.0422829  | 2.53621   |      2526.72   |             100000 |             1 |
| 69 | SXPUSDT     | 60.9993  |              3.04362 |             165.883  |  0.0418946  | 2.4968    |      2487.12   |             100000 |             1 |
| 41 | COTIUSDT    | 60.9993  |              1.25341 |              88.9667 |  0.0414983  | 2.52441   |      2514.62   |             100000 |             1 |
| 64 | ARPAUSDT    | 60.9993  |              2.69115 |              93.7    |  0.0407464  | 2.44095   |      2433.01   |             100000 |             1 |
| 25 | C98USDT     | 60.9993  |              2.73131 |              96.7833 |  0.0394443  | 1.49586   |      1488.74   |             100000 |             1 |
| 73 | ZRXUSDT     | 60.9993  |              1.60349 |              88.9167 |  0.0393946  | 2.39182   |      2382.85   |             100000 |             1 |
| 66 | API3USDT    | 60.9993  |              2.72623 |             110.017  |  0.0391101  | 2.52067   |      2508.81   |             100000 |             1 |
|  0 | CRVUSDT     | 60.9993  |              2.31643 |             160.933  |  0.0389893  | 2.33405   |      2325.61   |             100000 |             1 |
| 50 | LRCUSDT     | 60.9993  |              3.03102 |             202.483  |  0.0389634  | 2.29884   |      2290.14   |             100000 |             1 |
|  1 | TOMOUSDT    | 60.9993  |              1.90623 |             351.883  |  0.0382556  | 2.21152   |      2203.08   |             100000 |             1 |
| 57 | ALICEUSDT   | 60.9993  |              2.83718 |             245.583  |  0.0380746  | 2.27653   |      2267.63   |             100000 |             1 |
| 11 | CHZUSDT     | 60.9993  |              3.03731 |             116.8    |  0.0369509  | 2.22402   |      2215.9    |             100000 |             1 |
| 39 | OMGUSDT     | 60.9993  |              3.24608 |             231.933  |  0.0361774  | 2.15885   |      2151.31   |             100000 |             1 |
| 35 | CTKUSDT     | 60.9993  |              2.21146 |              82.4833 |  0.034834   | 2.10979   |      2102.63   |             100000 |             1 |
| 60 | DODOUSDT    | 60.9993  |              4.70734 |             219.317  |  0.0343005  | 1.83965   |      1830.2    |             100000 |             1 |
|  9 | BATUSDT     | 60.9993  |              2.84822 |             225.7    |  0.0329482  | 1.9113    |      1898.79   |             100000 |             1 |
| 54 | STMXUSDT    | 60.9993  |              2.28391 |             203.433  |  0.0327429  | 1.71016   |      1702.75   |             100000 |             1 |
| 75 | BALUSDT     | 60.9993  |              2.54164 |             327.35   |  0.0323468  | 1.92272   |      1915.36   |             100000 |             1 |
| 38 | 1000XECUSDT | 60.9993  |              3.0951  |             150.683  |  0.0317612  | 1.6567    |      1650.08   |             100000 |             1 |
| 36 | CVCUSDT     | 60.9993  |              1.80072 |             108.717  |  0.0307192  | 1.85955   |      1852.43   |             100000 |             1 |
| 42 | ALGOUSDT    | 60.9993  |              2.83169 |             326.917  |  0.0304383  | 1.71214   |      1705.52   |             100000 |             1 |
| 58 | QTUMUSDT    | 60.9993  |              3.94605 |             104.833  |  0.0297706  | 1.53207   |      1499.59   |             100000 |             1 |
| 23 | ANKRUSDT    | 60.9993  |              1.95982 |             109.15   |  0.0297386  | 1.78533   |      1779.01   |             100000 |             1 |
|  5 | OCEANUSDT   | 60.9993  |              3.01852 |             152.217  |  0.0290537  | 1.44349   |      1436.58   |             100000 |             1 |
| 24 | ENJUSDT     | 60.9993  |              2.22829 |             145.7    |  0.0283334  | 1.35163   |      1344.82   |             100000 |             1 |
| 28 | COMPUSDT    | 60.9993  |              3.64175 |              99.3333 |  0.028113   | 1.38788   |      1380.98   |             100000 |             1 |
|  3 | BNXUSDT     | 33.8535  |              2.6294  |              95.4    |  0.0280684  | 0.932746  |       929.519  |             100000 |             1 |
| 26 | LPTUSDT     | 60.9993  |              3.61477 |             220.783  |  0.0261179  | 1.5638    |      1558.4    |             100000 |             1 |
| 53 | DENTUSDT    | 60.9993  |              3.45279 |              98.0167 |  0.0255425  | 1.41939   |      1412.33   |             100000 |             1 |
| 19 | LINAUSDT    | 60.9993  |              2.57744 |             183.367  |  0.0254026  | 2.12172   |      2111.71   |             100000 |             1 |
| 40 | EOSUSDT     | 60.9993  |              4.15904 |             100.183  |  0.0244514  | 0.985363  |       979.911  |             100000 |             1 |
| 59 | REEFUSDT    | 60.9993  |              2.29105 |             205.817  |  0.0233513  | 1.41477   |      1408.3    |             100000 |             1 |
| 71 | APEUSDT     | 48.3743  |              1.48844 |              98.15   |  0.0233374  | 2.63441   |      2622.7    |             100000 |             1 |
|  4 | KSMUSDT     | 60.9993  |              2.46048 |             107.7    |  0.0192386  | 1.18732   |      1181.23   |             100000 |             1 |
| 48 | ICXUSDT     | 60.9993  |              3.95671 |             162.4    |  0.0177655  | 1.17785   |      1171.04   |             100000 |             1 |
| 74 | DOGEUSDT    | 60.9993  |              3.00613 |             124.95   |  0.0169387  | 0.864317  |       860.452  |             100000 |             1 |
|  8 | TRXUSDT     | 60.9993  |              3.57942 |             383.983  |  0.0140539  | 0.843828  |       841.001  |             100000 |             1 |
|  2 | BCHUSDT     | 60.9993  |              6.56495 |             199.883  |  0.0136317  | 0.658281  |       655.022  |             100000 |             1 |
| 12 | XRPUSDT     | 60.9993  |              6.33759 |             144.017  |  0.0129448  | 0.596003  |       592.528  |             100000 |             1 |
| 49 | YFIUSDT     | 60.9993  |              5.28514 |             278.767  |  0.00855741 | 0.424668  |       421.065  |             100000 |             1 |
| 13 | FTTUSDT     | 19.8535  |              8.35936 |             192.65   |  0.00429833 | 0.114581  |       113.913  |             100000 |             1 |
| 77 | BNBUSDT     | 60.9993  |              9.95907 |             325.667  |  0.00274897 | 0.150717  |       149.764  |             100000 |             1 |
| 80 | LTCUSDT     | 60.9993  |             10.7646  |             361.667  |  0.00241374 | 0.177483  |       175.646  |             100000 |             1 |
| 34 | XLMUSDT     | 60.9993  |              5.40215 |             236.283  |  0.00211952 | 0.31222   |       310.006  |             100000 |             1 |
| 65 | ADAUSDT     | 60.9993  |              5.46262 |             164.583  |  0.00169481 | 0.248192  |       245.191  |             100000 |             1 |
| 68 | FLMUSDT     | 60.9993  |              2.99997 |             355.8    |  0.00157943 | 0.485496  |       481.272  |             100000 |             1 |
| 18 | FLOWUSDT    | 60.9993  |              3.65996 |             329.55   | -0.00196886 | 0.479477  |       475.142  |             100000 |             1 |
| 62 | DASHUSDT    | 60.9993  |              4.79995 |             326.4    | -0.00402078 | 0.356623  |       353.264  |             100000 |             1 |
| 37 | NEOUSDT     | 60.9993  |              3.2533  |             368.167  | -0.00867509 | 0.450058  |       445.744  |             100000 |             1 |
| 67 | LINKUSDT    | 60.9993  |              4.81573 |             170.65   | -0.00991385 | 0.349964  |       346.076  |             100000 |             1 |
| 70 | DOTUSDT     | 60.9993  |              5.15487 |             366.067  | -0.0106168  | 0.266343  |       263.305  |             100000 |             1 |
| 76 | MATICUSDT   | 60.9993  |              5.92706 |             322.917  | -0.0114095  | 0.287286  |       283.546  |             100000 |             1 |
| 17 | XEMUSDT     | 60.9993  |              4.17089 |             210.383  | -0.0130985  | 0.236578  |       234.128  |             100000 |             1 |
| 21 | VETUSDT     | 60.9993  |              3.42853 |             170.6    | -0.014356   | 0.415443  |       411.234  |             100000 |             1 |
| 72 | SOLUSDT     | 60.9993  |              7.10672 |             301.467  | -0.015228   | 0.311815  |       308.006  |             100000 |             1 |
| 45 | AVAXUSDT    | 60.9993  |              6.84104 |             322.833  | -0.0155083  | 0.478455  |       474.104  |             100000 |             1 |
| 52 | 1INCHUSDT   | 60.9993  |              3.51919 |             320.25   | -0.017041   | 0.3931    |       388.936  |             100000 |             1 |
| 47 | XTZUSDT     | 60.9993  |              4.18281 |             329.383  | -0.0171139  | 0.310227  |       306.426  |             100000 |             1 |
| 10 | SUSHIUSDT   | 60.9993  |              2.80995 |             163.1    | -0.0199858  | 1.22862   |      1221.12   |             100000 |             1 |
| 61 | EGLDUSDT    | 60.9993  |              5.04822 |             420.7    | -0.0212608  | 0.367089  |       363.694  |             100000 |             1 |
| 46 | SFPUSDT     | 60.9993  |              2.76745 |             361.7    | -0.0231944  | 0.703581  |       698.327  |             100000 |             1 |
| 56 | ARUSDT      | 60.9993  |              4.40959 |             168.583  | -0.0233861  | 0.789342  |       783.87   |             100000 |             1 |
|  7 | HOTUSDT     | 60.9993  |              5.69643 |             326.417  | -0.0286773  | 0.39726   |       393.227  |             100000 |             1 |
| 33 | SCUSDT      | 60.9993  |              4.5607  |             366.833  | -0.0371139  | 0.316849  |       313.04   |             100000 |             1 |
| 55 | MKRUSDT     | 60.9993  |              5.65245 |             261.8    | -0.052662   | 0.317854  |       314.069  |             100000 |             1 |
| 43 | KLAYUSDT    | 60.9993  |             19.5198  |             392.033  | -0.0665993  | 0.0442883 |        41.5166 |             100000 |             1 |
+----+-------------+----------+----------------------+----------------------+-------------+-----------+----------------+--------------------+---------------+


--------------------------------------------------------------
Limited to the first  20  coins found : 
- Total wallet_exposure_limit :  6.0
- coin list :  ['DARUSDT', 'PEOPLEUSDT', 'IMXUSDT', 'WOOUSDT', 'RUNEUSDT', 'AUDIOUSDT', 'FILUSDT', 'GMTUSDT', 'RENUSDT', 'GTCUSDT', 'THETAUSDT', 'ROSEUSDT', 'ALPHAUSDT', 'SKLUSDT', 'MASKUSDT', 'GRTUSDT', 'SXPUSDT', 'COTIUSDT', 'ARPAUSDT', 'C98USDT']
- global adg % :  1.1242330236425286
- global adg $ :  1124.2330236425287
- global adg 1 month (30 days) :  33726.99070927586
- global gain % :  53.62758424357334
- global gain $ :  53627.58424357334
--------------------------------------------------------------
Saving the coin list to  ./tmp/best_coins.json
