python3 /Users/figge/code/pb/scripts/2_backtest_summary.py20 ../configs/live/recursive_grid_124symbols_390days_AUenabled_2022-05-03.json ../configs/backtest/default.hjson
Reading  110  backtests
62  coins after filtering
+----+-------------+----------+----------------------+----------------------+-------------+----------+----------------+--------------------+---------------+
|    | symbol      |   n_days |   hrs_stuck_avg_long |   hrs_stuck_max_long |       adg % |   gain % |   total gain $ |   starting balance |   closest bkr |
|----+-------------+----------+----------------------+----------------------+-------------+----------+----------------+--------------------+---------------|
|  6 | DARUSDT     |  5.85347 |             3.26705  |              46.3333 |  0.0967282  | 0.481265 |        479.532 |             100000 |             1 |
| 25 | IMXUSDT     | 60.9993  |             6.31027  |             150.833  |  0.0859844  | 5.25156  |       5232.99  |             100000 |             1 |
| 11 | PEOPLEUSDT  | 60.9993  |             8.17868  |             150.617  |  0.0821028  | 4.9587   |       4940.99  |             100000 |             1 |
| 12 | RUNEUSDT    | 60.9993  |             6.74647  |              91.9333 |  0.0810603  | 4.88037  |       4863.01  |             100000 |             1 |
| 44 | WOOUSDT     | 26.8535  |             7.95658  |              63.95   |  0.0750214  | 1.94088  |       1933.99  |             100000 |             1 |
| 24 | AUDIOUSDT   | 60.9993  |             6.90558  |              73.4167 |  0.0742778  | 4.45895  |       4443.08  |             100000 |             1 |
| 21 | GMTUSDT     | 50.8326  |             6.2244   |             114.183  |  0.0666178  | 3.39683  |       3383.98  |             100000 |             1 |
| 60 | RENUSDT     | 60.9993  |             7.82879  |             152.2    |  0.0604926  | 3.13432  |       3121.8   |             100000 |             1 |
| 32 | COTIUSDT    | 60.9993  |             6.87316  |              89.1    |  0.0593423  | 3.6221   |       3609.31  |             100000 |             1 |
| 37 | THETAUSDT   | 60.9993  |            11.3487   |             155.717  |  0.0561115  | 3.33917  |       3327.15  |             100000 |             1 |
| 16 | FILUSDT     | 60.9993  |            13.6821   |             122.183  |  0.0550458  | 3.28036  |       3268.4   |             100000 |             1 |
| 39 | ALICEUSDT   | 60.9993  |            12.7303   |             241.75   |  0.0540352  | 2.38081  |       2370.8   |             100000 |             1 |
| 50 | SXPUSDT     | 60.9993  |            13.9427   |             156.633  |  0.0521415  | 1.87639  |       1867.47  |             100000 |             1 |
| 36 | LRCUSDT     | 60.9993  |            11.5274   |             202.117  |  0.0519999  | 3.09262  |       3081.69  |             100000 |             1 |
| 15 | MASKUSDT    | 60.9993  |             9.89178  |             323.333  |  0.0519913  | 2.99222  |       2981.45  |             100000 |             1 |
| 54 | ZRXUSDT     | 60.9993  |             7.54631  |              83.9667 |  0.0511971  | 3.11659  |       3105.54  |             100000 |             1 |
| 45 | ARPAUSDT    | 60.9993  |            10.9252   |             150.683  |  0.0489168  | 2.92342  |       2912.78  |             100000 |             1 |
| 47 | API3USDT    | 60.9993  |             7.62491  |             106.45   |  0.0477358  | 3.25903  |       3244.69  |             100000 |             1 |
| 27 | CTKUSDT     | 60.9993  |             8.66262  |              72.3    |  0.0462316  | 2.8046   |       2794.7   |             100000 |             1 |
|  0 | CRVUSDT     | 60.9993  |            13.0713   |             150.8    |  0.0459725  | 2.74014  |       2730.36  |             100000 |             1 |
| 56 | CTSIUSDT    | 60.9993  |            10.7646   |             152.3    |  0.0444756  | 2.31042  |       2300.02  |             100000 |             1 |
| 57 | BALUSDT     | 60.9993  |            13.0713   |             198.167  |  0.0436622  | 2.60073  |       2591.43  |             100000 |             1 |
| 17 | ANKRUSDT    | 60.9993  |            10.7646   |             107.633  |  0.0419352  | 1.78936  |       1781.41  |             100000 |             1 |
| 30 | OMGUSDT     | 60.9993  |            14.6398   |             229.483  |  0.040865   | 2.42083  |       2412.2   |             100000 |             1 |
| 19 | C98USDT     | 60.9993  |            11.1754   |              98.6833 |  0.040576   | 1.8483   |       1839.52  |             100000 |             1 |
| 38 | STMXUSDT    | 60.9993  |            11.0908   |             217.767  |  0.0403722  | 2.1992   |       2189.79  |             100000 |             1 |
| 28 | CVCUSDT     | 60.9993  |            13.431    |             256.067  |  0.0385801  | 2.29787  |       2289.84  |             100000 |             1 |
| 23 | SKLUSDT     | 60.9993  |             5.03087  |             322.95   |  0.0384186  | 1.64747  |       1637.44  |             100000 |             1 |
| 20 | LPTUSDT     | 60.9993  |            12.099    |             155.85   |  0.0369566  | 2.21239  |       2204.62  |             100000 |             1 |
|  5 | OCEANUSDT   | 60.9993  |            11.6189   |             150.8    |  0.0361085  | 1.87845  |       1869.82  |             100000 |             1 |
| 18 | ENJUSDT     | 60.9993  |            12.5127   |             145.367  |  0.0314237  | 1.75591  |       1747.45  |             100000 |             1 |
|  3 | BNXUSDT     | 33.8535  |             9.02759  |              95.2167 |  0.0312846  | 1.03981  |       1036.13  |             100000 |             1 |
|  8 | BATUSDT     | 60.9993  |            13.6821   |             228.717  |  0.0310511  | 1.46269  |       1455.92  |             100000 |             1 |
| 29 | 1000XECUSDT | 60.9993  |            12.4066   |             145.8    |  0.030834   | 1.44135  |       1434.65  |             100000 |             1 |
| 22 | COMPUSDT    | 60.9993  |            12.9556   |             103.783  |  0.0288167  | 1.55642  |       1549.01  |             100000 |             1 |
| 41 | REEFUSDT    | 60.9993  |            14.9386   |             203.8    |  0.02785    | 1.60199  |       1594.39  |             100000 |             1 |
| 33 | ALGOUSDT    | 60.9993  |             2.74154  |             322.733  |  0.027216   | 1.48212  |       1474.34  |             100000 |             1 |
| 58 | MATICUSDT   | 60.9993  |            16.2665   |             152.967  |  0.0262677  | 1.19049  |       1184.34  |             100000 |             1 |
| 55 | DOGEUSDT    | 60.9993  |            12.6205   |              96.8667 |  0.0241474  | 1.30804  |       1302.77  |             100000 |             1 |
| 31 | EOSUSDT     | 60.9993  |            16.8274   |             122.233  |  0.0234007  | 1.35342  |       1347.05  |             100000 |             1 |
| 52 | APEUSDT     | 48.3743  |             7.348    |              95.7667 |  0.022827   | 2.95345  |       2940.7   |             100000 |             1 |
|  4 | KSMUSDT     | 60.9993  |            11.0074   |             110.367  |  0.0197208  | 1.64832  |       1640.62  |             100000 |             1 |
|  2 | BCHUSDT     | 60.9993  |            20.6195   |             166.483  |  0.0196141  | 0.913005 |        908.816 |             100000 |             1 |
|  9 | XRPUSDT     | 60.9993  |            26.6179   |             143.75   |  0.0189334  | 0.803309 |        798.881 |             100000 |             1 |
| 26 | XLMUSDT     | 60.9993  |            19.5198   |             117.4    |  0.0173281  | 0.835365 |        831.636 |             100000 |             1 |
|  7 | TRXUSDT     | 60.9993  |            26.6179   |             361.1    |  0.0152743  | 0.916109 |        912.859 |             100000 |             1 |
| 14 | LINAUSDT    | 60.9993  |             1.70231  |             183.417  |  0.0113529  | 1.05799  |       1045.43  |             100000 |             1 |
|  1 | TOMOUSDT    | 60.9993  |             0.594873 |              89.05   |  0.0110431  | 0.498608 |        481.126 |             100000 |             1 |
| 49 | FLMUSDT     | 60.9993  |             1.3431   |             326.5    |  0.0104922  | 0.503924 |        488.439 |             100000 |             1 |
| 10 | FTTUSDT     | 19.8535  |            14.8901   |              99.5333 |  0.0095561  | 0.181141 |        179.967 |             100000 |             1 |
| 46 | ADAUSDT     | 60.9993  |            23.6126   |             169.933  |  0.00773142 | 0.31551  |        311.796 |             100000 |             1 |
| 59 | BNBUSDT     | 60.9993  |            33.2723   |             321.267  |  0.00463913 | 0.207955 |        206.583 |             100000 |             1 |
| 35 | YFIUSDT     | 60.9993  |            19.0128   |             326.567  |  0.00414853 | 0.529948 |        525.868 |             100000 |             1 |
| 61 | LTCUSDT     | 60.9993  |            34.0461   |             321.417  |  0.00373401 | 0.205338 |        203.054 |             100000 |             1 |
| 43 | DASHUSDT    | 60.9993  |            16.6362   |             316.833  | -0.00585327 | 0.512398 |        507.99  |             100000 |             1 |
| 13 | XEMUSDT     | 60.9993  |            23.2378   |             171.217  | -0.0139548  | 0.379315 |        376.117 |             100000 |             1 |
| 51 | DOTUSDT     | 60.9993  |            22.1816   |             357.75   | -0.0167858  | 0.344106 |        340.284 |             100000 |             1 |
| 42 | EGLDUSDT    | 60.9993  |            17.8535   |             270.167  | -0.0230425  | 0.521678 |        517.237 |             100000 |             1 |
| 40 | QTUMUSDT    | 60.9993  |            19.5198   |             332.967  | -0.0233931  | 0.534508 |        530.026 |             100000 |             1 |
| 48 | LINKUSDT    | 60.9993  |            18.769    |             314.767  | -0.0292845  | 0.494351 |        490.013 |             100000 |             1 |
| 34 | XTZUSDT     | 60.9993  |            21.2171   |             326.417  | -0.0298138  | 0.435588 |        431.448 |             100000 |             1 |
| 53 | SOLUSDT     | 60.9993  |            20.914    |             300.633  | -0.031036   | 0.433423 |        429.308 |             100000 |             1 |
+----+-------------+----------+----------------------+----------------------+-------------+----------+----------------+--------------------+---------------+


--------------------------------------------------------------
Limited to the first  20  coins found : 
- Total wallet_exposure_limit :  6.0
- coin list :  ['DARUSDT', 'IMXUSDT', 'PEOPLEUSDT', 'RUNEUSDT', 'WOOUSDT', 'AUDIOUSDT', 'GMTUSDT', 'RENUSDT', 'COTIUSDT', 'THETAUSDT', 'FILUSDT', 'ALICEUSDT', 'SXPUSDT', 'LRCUSDT', 'MASKUSDT', 'ZRXUSDT', 'ARPAUSDT', 'API3USDT', 'CTKUSDT', 'CRVUSDT']
- global adg % :  1.243006445172779
- global adg $ :  1243.006445172779
- global adg 1 month (30 days) :  37290.19335518337
- global gain % :  63.93029834999998
- global gain $ :  63930.29834999998
--------------------------------------------------------------
Saving the coin list to  ./tmp/best_coins.json
